[##...###.#] (0,1,5,6,7,8,9) (4,5) (1,2,3,5,6) (0,3) (8,9) (0,3,5,6,7,8,9) (0,1,4,6,7,9) (1,2) (5,8) {51,38,12,25,9,52,42,42,58,49}
[.##.###] (0,3) (0,4,5) (0,2,4,5,6) (0,1,2,5) (4,6) (1,4) (1,5) (0,1,2,6) (2,6) {65,52,55,5,53,42,49}
[##.#..] (0,1,3,4) (1,3) (3,4,5) (2,4) (0,1,2,5) {24,42,15,49,35,29}
[#......] (3) (0,5) (3,4) (0,1,2,3,4) (0,1,2,4,6) (0,1,2,4,5) {40,32,32,28,32,22,3}
[.#.#....] (0,1,2,3,5,6,7) (0,1,2,6,7) (3) (0,5,6) (3,7) (0,2,3,5,7) (0,1,5,7) (1,3,4) (0,2,3,5,6) {86,57,60,72,9,70,49,74}
[...##.#.##] (3,7,9) (2,7) (0,2,4,5,6,7,8,9) (1,5,6,7,9) (1,2,3,6,8,9) (0,1,2,3,6,9) (0,1,2,3,4,6,7,8) (1,4,5,6) (1,2,3,5,7) (3,4,6,7) (0,2,7) (0,1,2,3,4,5,6,8) {78,105,107,98,82,75,120,99,64,68}
[#..##] (0,3) (2,3) (0,1) (0,3,4) {30,5,18,43,12}
[#..##..###] (0,1,4,5,6,7,8,9) (1,2,6,9) (0,1,2,3,5,7,8,9) (2,3,6) (0,2,3,4,7,8,9) (2,4,5,8,9) (0,1,5,6,8,9) (0,2,4,5,6,8) (2,6) {60,53,66,43,38,54,54,48,65,69}
[#.#.#..#] (3,6,7) (1,2,3,4,6,7) (0,2,5,7) (3,6) (0,2,3,6,7) (0,1) (0,2) (2,3,4,5,6,7) (4,7) {31,12,45,34,32,22,34,57}
[####..##.#] (1,3,5,6,9) (0,3,4,6) (0,2,4,5,6,7,8) (6,9) (0,1,2,4,5,8,9) (1,2,3,5,8) (0,1,3,4,5,6,7,8) (2,5,9) (2,5) (0,3,6,7) (2) (0,2,4) {62,26,58,46,55,39,61,18,17,39}
[.####.] (0,2,5) (1,2,3,4) (0,1,5) (3,4) (0,1,2,3) {36,46,40,37,19,18}
[####.##.] (0,1,4,5,7) (6) (0,1,3,4,5,7) (3) (0,1,2,6,7) (2,4,5,6) (1,2,4,6) (1,4) (1,7) (1,2,7) {11,62,45,21,50,24,45,36}
[.###] (0,1,2) (0,3) (0,1) {41,39,19,2}
[#.####.#..] (0,2,3,6,7,8) (1,3,6) (0,1,3,4,5,6,7,8) (0,2,6,7,8,9) (1,2,6,7,9) (0,6,7) (1,2,3,4,5,7,8,9) (1,4,5,7,8,9) {27,60,42,38,30,30,57,63,48,51}
[....#...] (0,1) (0,4) (0,1,2,3,4,6,7) (0,1,3,4,6,7) (0,1,5,6) (5,7) (0,2,5,6,7) (0,1,2,5,6,7) (2,5,7) (1,2,6) {204,64,183,9,14,203,196,197}
[###..#.] (1,3,4,5,6) (0,1,3,4) (2,6) (0,1,2,6) (0,2,3,6) (0,1,4) {52,54,36,47,37,18,54}
[#.#.#...#] (0,1,2,8) (2,3,4,5,8) (1,2,3,5,7,8) (0,2,5,6,7,8) (0,2,3,4,5,6,7) (0,4,5,8) (2,3,5) (4,6) {18,19,68,55,28,68,20,31,49}
[..##.#] (5) (2,3) (1,3) (0,2,3) (1,3,4,5) (2,3,4,5) (0,3,4) (0,2,4) {38,25,46,77,49,35}
[#..##] (3,4) (1,3) (1,2,3,4) (0,2,3) (1,2,3) {12,48,45,79,39}
[..#.....#] (2,5,6,7) (6,7) (0,2,4,5,7) (0,1,2,4,5,6) (0,2,3,4,5,6) (0,2,3,4,5,8) (0,3) (2,8) (0,1,3,4) (3,5) {56,27,162,43,50,46,39,35,127}
[....######] (0,1,3,5,6,7,9) (0,1) (1,2,6,7,9) (0,3,4,6,7,8,9) (3,5,6,7,8,9) (0,2,3,7,8,9) (4,6,7,8,9) (0,3,5,7,8,9) (4,5,6,7,8,9) (3,4,6) {44,25,8,59,30,40,69,76,56,76}
[#...#.] (0,1,3,5) (2,5) (1,5) (0,3,4,5) (2,3,4) (0,3,5) {46,30,6,46,13,65}
[##.#..##.] (2,4,5) (0,1,3,7,8) (3,4,5,6,7,8) (0,1) (0,1,2,3,4,5,6,7) (0,1,2,3,4,5) (1,4,5,7,8) (0,1,3,5,6,8) (0,1,3,4,5,7,8) (0,2,3,4,5,6,7,8) {76,80,34,92,80,99,56,82,96}
[#.##.##] (1,4,6) (2,3,5,6) (3,6) (0,3,4,5,6) (0,2,3,5,6) (1,2,4,5) (0,1,2,4,5) (1,2,5) (0,4) {37,47,38,35,57,57,49}
[#.##..##.] (3) (1,2,3,8) (0,4,7) (1,6) (2,4,6) (0,1,2,3,5,7,8) (1,4,6,7,8) {24,43,49,47,34,14,28,31,39}
[..#.#] (0,1,2,4) (0,1,3) (0,2,4) (1,2,4) {26,25,33,6,33}
[#..##] (0,2) (0,1,2) (0,2,3) (0,3,4) {45,10,26,24,19}
[#....#..#] (0,1,6) (0,1,4,5,6,7) (2,6,7) (0,2,3,5,6,7,8) (2,4,5,6,7,8) (1,2,4,7,8) (0,5,8) (0,2,5,8) {59,25,35,17,14,48,51,36,38}
[#.#.#] (1,2) (1,3,4) (0,1,2,3) {14,137,137,14,0}
[#.###.###.] (0,2,6) (1,4,5,9) (2,3,5,8,9) (0,3,4,5,6,8,9) (3,7) (0,1,4,5,8,9) (1) (0,2,3,4,5,6,7,8,9) (0,1,3,6,7,8,9) (0,2,3,4,6,7,8,9) (2,5) (0,2,6,7,8) (0,3,5,7,9) {87,43,219,205,58,207,66,68,236,220}
[.#.#] (1) (3) (0,1,2) (0,2) (1,3) {145,136,145,5}
[#.#.] (0,2) (1,3) {10,0,10,0}
[#.####.#] (0,1,2,4,5,6) (0,2,3,4,5,7) (0,1,2,3,4,6,7) (0,2,4,7) (0,3,5,6,7) (1,4) (1,6) {25,45,13,20,30,22,40,20}
[#.###..#] (0,1,3,6,7) (0,2,4,5,6,7) (1,6,7) (0,2) (2,3,4,7) (0,4,5,6,7) {32,20,22,16,9,6,26,29}
[####.##] (2,4) (3,5,6) (2,6) (1,3) (0,1,2,3,5,6) (0,1,2,4,5,6) (3,5) (0,2,3,4,5) {28,36,180,53,37,43,163}
[.#.#] (1) (2,3) (3) (1,2,3) (0,1,3) {18,28,26,49}
[####..] (0,5) (1,3,4,5) (1,4) (0,2,5) (0,3,4) {47,168,11,19,185,32}
[####..] (0,1) (0,2,3,4) (0,1,3) (0,1,2,5) (3) (0,4) (3,4,5) (0,1,4) {55,32,16,48,42,15}
[##.#] (0) (1,2) (1) (0,2,3) (2,3) (1,2,3) {14,23,33,25}
[#.#..#] (0,2,5) (0,2,3,4,5) (1,3,4,5) (0,2,3) (3) (0,1,2,4) (1,4,5) {218,19,218,205,207,221}
[.#.###..#] (0,1,2,3,4,5,8) (0,3,8) (1,2,3,7) (0,1,2,3,5) (3,4) (1,5,6,7,8) (0,1,5,6) (2,3,4,5,6,8) (0,1,2,4,6,7,8) (2,4) (0,1,4,7) {163,153,56,74,47,148,119,16,40}
[.#.#..#] (2,3,5) (0,2) (1,2) (0,1,2,3,6) (0,2,5) (2,3) (1,3,4,6) {45,36,82,47,8,32,23}
[##.####] (2,4,5,6) (2) (5,6) (0,6) (0,1,3,4) (0,2,3,5) {147,13,25,23,13,19,133}
[##..#.] (1,2,3,4) (2,4,5) (1,4,5) (0,3) (0,1,2,4) (2,3,4) (0,2,3,5) {23,29,41,20,40,16}
[..##.] (2) (1,3,4) (0,1,2) (3,4) (1,4) (0,2,3,4) {22,44,22,30,44}
[.##.] (1,3) (0,1) (0,2) (1,2,3) {29,117,120,104}
[##.##..#.#] (5,7) (6) (0,2,9) (2,3,4,8,9) (3,6,9) (0,1,2,3,4,7) (0,2,4) (0,4,5,7,8) (1,2,3,4,5,8,9) (1) (0,1,2,3,4,6,8) {66,56,80,69,78,26,48,33,54,46}
[.#.#..#.#.] (1,2,3,6,8,9) (1,3,4,9) (0,8,9) (1,2,3,5,8) (6,8) (0,4,7) (0,1,4,5) (2,5,6,9) (3,4,5,7,8,9) (0,2,4,5,6,7,8,9) (1,2,5,7,8) (0,2,7,8,9) (3,4,5,6,9) {189,44,198,50,48,52,42,188,209,208}
[#...] (0,2) (1,2) (0,1) (2,3) (0,1,3) {35,51,36,26}
[#####.] (2,3,5) (1,2) (3,4,5) (0,2,4) (4) (0,3) (2,3,4,5) (0) {26,17,30,26,31,20}
[####....#] (0,1,2,3,4,7,8) (0,2,3,4,5,8) (1,2,5,7,8) (2,3,4,5,7) (4,7) (6,7) (3,5) (0,1,5) {32,30,27,30,41,42,8,47,19}
[######.##] (3,4) (3,6) (2,3,4,6,7,8) (2,3,5,7,8) (0,1,2,3,4,8) (0,2,3,4,5,6,7,8) (1,4,7) (1) (0,2,5,7) (1,2,4,7,8) (0,1,3,5,7,8) {46,39,74,73,55,58,40,86,68}
[##.##] (0,1,3,4) (0,2,3,4) (0,1,4) {220,204,16,23,220}
[.##.###] (0,1,3,5,6) (0,2,4,6) (0,2,3,5,6) (1,2,4,5,6) (0,1,2,5,6) (0,3,4,5,6) (2,3) (0,2,3) {64,16,65,65,40,53,61}
[.##.#] (1,3) (0,3) (1,2,4) (1,4) (0,1,2) (1,2,3) (0) {36,54,23,27,15}
[####] (0,1,2,3) (0,2,3) {184,7,184,184}
[###.##.] (0,1) (1,2) (1,2,3,4,6) (0,1,2,4,5) (4,5,6) (1,2,3,5,6) (0,5) (0,1,2,3,5,6) {39,60,52,34,17,59,42}
[.#..###.#] (1,2,3,4,6,8) (6,8) (0,1,4,6,7,8) (0,1,2,4,6,7) (0,1,3,7,8) (2,5,6,7) (2,3,7,8) (1,2,3,5,6,8) {26,62,70,46,39,29,88,42,68}
[##..##..#] (0,3,5,6,7) (0,1,3,6,8) (5,8) (0,1,2,5,7,8) (0,2,3,4,5,6,7) (0,2,4,5,6,8) (0,1,5,6,8) {220,202,187,26,8,209,41,190,213}
[###.#..] (0,2,3,4,5,6) (0,1,5,6) (0,5) (1,2,3,4,5) (0,1,2,5,6) (1,2,4) (0,1,3,4,6) {44,53,39,40,56,32,41}
[.....##.] (0,3,4,6) (0,1,2,3,4,6) (3,5,7) (3,4,6) (0,1,2,3,4,5) (0,2,4,6) (0,1,2,3,5,6) (1,2,5,7) {54,38,55,70,56,49,54,25}
[##..] (1,2) (0,2,3) (0,1) (0) (1,2,3) {32,42,42,23}
[#..#.] (2,3) (0,1,4) (0,3) {135,0,3,138,0}
[.#####.##] (0,4,5,6,7,8) (1,3,4,6,7,8) (0,1,3) (0,1,2,3,5,6,7,8) (0,1,2,3,4,6,7) (0,4) (0,1,2,3,5,7,8) (2,5) (0,3,4,7,8) (1,4,6) {223,54,27,227,221,17,35,216,206}
[##...##..] (0,3,4,5,6,7) (1,2,3,4,5,7,8) (3,5,8) (3,6,8) (0,2,6,7,8) (3,4) (1,2,3,6,7,8) {5,16,16,30,16,13,17,21,20}
[..#.#] (0,3,4) (0,1,2,3) (0,1) (0,2) (1,2,3) {35,192,205,196,6}
[.#..#.##] (2,4,7) (0,1,5,6) (4,5) (3,5) (0,1,2,5,6,7) (0,2,3,4,7) (0,1,2,4,5,7) (0,2) {31,25,35,7,37,43,24,32}
[.....#] (0,2,4,5) (2,3) (1,4,5) (0,2,4) (3,4) (1,2) (1,2,3,4,5) {21,19,38,24,47,29}
[###.] (1,3) (0,1,2) {19,30,19,11}
[##.#......] (1,2,4,6,7,8,9) (1,2,5,8) (0,2,3,5,6,7,8) (0,3,5,6,9) (5,6,7,9) (0,1,3,4,6,8) (0,1,2,4,5,6,7,9) (2,4,9) (1,2,4,5,6,7) (0,6,8) (1,2,6,8) (0,3,7,9) {35,31,50,30,31,38,42,40,27,47}
[#...#.] (1,3,4,5) (0,2,3,4) (0,3,4) (0,2,4,5) (3,5) (0) (0,1,3,4) {55,6,23,34,38,21}
[.#.....##] (0,2,3,5,6,7,8) (0,2,5,8) (0,1,2,3,4,5,7,8) (0,1,2,3,4,8) (0,1,2,4,8) (0,2,3,4,6) (1,8) (3,4,7,8) (1,2,3,4,6,7,8) (0,2,3,4,7,8) {39,44,59,64,55,30,37,64,87}
[#.##] (0,1,2) (1,3) (2,3) (0,2) (1) (0,3) {174,28,192,24}
[#.#.] (0,2) (1,3) {6,1,6,1}
[#.....] (1,4) (0,1,2,4,5) (0,2,5) (2,3,4) (0,2,3,4,5) (4,5) (1) {204,196,215,27,210,209}
[#.#.##.#] (3,7) (0,5,6) (2,3,4,5,6) (1,4,5) (0,1,3,7) (0,1) (0,3,4,5,7) (0,4) {67,29,12,37,39,43,29,25}
[###.#.#.##] (1,3,4,5,6,7,8,9) (0,1,6) (1,3,6) (1,2,4,7,8,9) (0,1,2,3,5,6,7,8) (3,5,6) (2,9) (1,2,3,4,5,6,7,9) (0,1,2,3,4,6,7) (0,1,3,8) (0,1,3,4,5,6,7,9) {46,72,53,74,24,59,82,42,34,39}
[#.#.#..] (0,1,3,4,6) (0,2,3,5) (0,1,5,6) (1,4) (2,3) {33,42,11,23,32,21,22}
[...###] (0,1,3,5) (0,1,3) (0,1,4,5) (0,1,2,3) (0,1,4) (2) {57,57,36,36,21,11}
[.#.#####] (2,3,4,5,7) (0,4,7) (0,1,2,4,5,6,7) (0,1,3,4,5) (1,2,4,6,7) (0,2,3,4,5,6) {52,29,32,19,60,32,32,41}
[.#..] (0,1) (0,2,3) (0) (2,3) {31,17,13,13}
[.##.##..] (1,2,3,7) (1,2,4,6) (2,3) (0,2,3,7) (1,4,5,6,7) (1,4) (0,2,4,6) (0,5) (2,5,6) {43,54,72,25,60,45,65,42}
[#...##....] (0,1,2,3,4,6,9) (0,2,3,5,6,7,8,9) (5,9) (0,1,3,4,5,6,8,9) (2,3,5,6,9) (0,2,5,6,7,8,9) (0,1,3,4,7,9) (4,6) {33,20,34,42,26,57,53,18,26,64}
[..#.#.] (0,3,4) (2,4) (2,3) (0,1,2,3,4,5) (0,1) {37,25,31,38,26,9}
[#####.#..#] (7) (2,3,4,7,8) (2,3,4,5,6,7,8,9) (2,4,8,9) (0,2,3,4,5,7,8) (2,3,5) (0,2,3,7,8) (0,1,2,3,8,9) (1,2,3,4,5,6,7,9) (0,1,2,3,5,7,8,9) (4,7,8,9) (1,3,4,5,6,7,8,9) {53,40,97,101,79,57,27,108,120,76}
[###.#.#..] (4,5,6) (1,2,3,6,7,8) (0,1,5,8) (2,7) (1,4,7) (0,1,4,5,6,7,8) (0,4,7) (0,1,2,3,5,7,8) (0,3,4,6) (5,7,8) (2,3,6,7) {56,44,43,30,41,53,26,73,41}
[.#.#] (0,2) (1) (2,3) (0,1) (1,3) {28,32,13,0}
[.###.#.#] (1,3,4,5,6,7) (1,2,3,5,7) (2,5) (1,2,4,5,6,7) (1,4,5,7) (0,2,3,4,5,6) (0,2,3,4,7) (6) {9,29,47,23,31,47,32,37}
[##.##.] (2,3,5) (0,3,4,5) (3,4) (0,2,5) (0,3,5) (0,1,5) (1,3,5) (0,2,3) {52,13,26,60,22,60}
[#####.#..#] (2,3,4,5,6,7,8,9) (0,2,6,7,9) (2,3,5,6,7,8,9) (0,1,3,4,7,9) (6,7,9) (0,1,2,3,9) (2,3,4,5,6,8) (1,3,4,7,8) (0,7) (0,5,6,9) (1,2,3,4,5,7,8,9) (0,1,2,3,4,5,8,9) {60,224,247,262,243,234,69,294,241,269}
[##.#...] (1,2,4,5) (0,1,3,4,5) (0,2,6) (0,1,2,4,6) (0,1,2,5,6) (0,3,4) (2,6) {64,196,213,22,187,184,60}
[#......] (1,3,6) (1,2,6) (0,1,3,4,6) (0,1,4,5,6) (0,6) (2,3,5) (1,3,4) (0,5) (0,1,3,4,5) {33,45,31,36,24,45,41}
[#.#.##] (0,1,2,3) (0,1,2,3,5) (0,2,4) (1,2,3,5) {27,44,46,44,2,27}
[.##....#.] (0,1,2,3,7) (5) (0,6,7,8) (0,1,2,3,4,8) (6) (0,1,2,3,8) (3) {66,47,47,52,16,1,20,38,47}
[.#..#.#.#] (1,2,3,4,5,6,7,8) (1,2,6) (2,4,5) (0,3,4,5) (1,2,3,5,6,7,8) (0,1,2,4,6,8) (0,3) (0,3,4,5,8) (0,6,7) {157,56,58,145,45,44,74,39,49}
[#.#.#.###] (1,2) (1,2,5) (0,1,3,5,6,7) (0,1,4,8) (0,4,6) (0,1,2,3,4,5,6,7) (0,1,7) {186,190,24,155,31,160,175,155,11}
[.#.#.#] (0,1) (2,4) (2,3) (0,2,5) (1,2) {30,26,202,160,6,20}
[.####] (0,3) (0,2,3) (1,4) (4) (1,3) (0,4) (2,3,4) {31,15,28,46,43}
[....###] (1,2,3,5) (4,5,6) (0,2,3,5,6) (3,4,6) (2,6) (0,2,6) {20,3,43,22,32,20,72}
[#...#..] (0,1,3) (0,2,3,5) (1,4) (2,4,5) (1,3,4,6) (3,5,6) (5,6) (0,3,4,5,6) {30,35,114,47,153,153,50}
[#..###..] (0,4,5,6) (1,3,4,5,6,7) (1,2,3,4,6) (0,2,3,4,5,7) (1,2,3,4,5,6) (1,5,6,7) {30,40,41,48,65,61,57,25}
[##..##..] (1,2,3,4,5,7) (2,3,4,5,6) (0,1,2,4,6,7) (0,1,4,5,7) (2,4,5,6) (1,4,5) (0,1,2,3,4,6,7) (1,5) (0,6) (0,2,3,4,6) {222,68,51,38,73,55,214,39}
[...##..#.] (1,4,5) (4,5,7) (0,2,4,5,6,8) (0,1,3,4,5,6,7,8) (0,2,3,7,8) (0,2,4,5,6,7,8) (1,3) (0,2,4,6,8) (3,5,7) {45,27,30,30,50,50,34,44,45}
[...#.#.] (1,2,3,5,6) (1,3,4,6) (0,2,3,4,5,6) (0,1,3,4,5) (0,1,6) {10,45,17,38,22,18,45}
[..#.] (0,1,3) (0,1,2,3) (2) {22,22,191,22}
[##.#....] (0,1,2,3,6,7) (0,2,3,4,5,6) (1,2,6,7) (0,1,6,7) (3,4,6) (0,4,5,6,7) (0,1,4,5,6) {58,52,46,30,35,32,80,59}
[####] (0,2) (3) (1) (2,3) (0,1) (1,2) {10,34,18,22}
[..#...] (1,2,5) (0,4,5) (3,4) (0,2,3,4) (1,2,4,5) (1,2,4) {7,34,39,20,42,28}
[.##.#] (0,1,3) (0,1,2) (0,1,2,4) (0) (0,3,4) {52,20,3,37,23}
[..#.....##] (0,5,7,8,9) (0,5,8) (0,1,2,4,5,6,8) (3,5,6,7,8) (2,4,5,7,8,9) (0,2,3,7,9) (4,5,6,7,8) (0,1,2,3,4,6,7,9) (1,4,7) (2,3,5,8) (8,9) (4,5,9) {44,27,42,28,51,72,21,71,82,49}
[.###..#.#] (0,1,2,3,5,7,8) (0,1,2,3,4,5,8) (0,1,3,4,5,6) (0,1,2,4,5,7,8) (1,3,4,7) (6,7,8) (1,2,3,4,5,6,7,8) (0,1,6) (1,2,3,5,7,8) (0,1,2,4,6,7,8) (1,2,8) {40,78,60,35,38,40,215,242,253}
[.##.##.] (0,1,2,3,5,6) (1,2,6) (0,1,2,3,4) (0,2,3) (0,1,4,6) {28,19,33,28,5,9,14}
[#.####.#] (0,1,3,4,5) (0,1,2,4,5,6) (1,3,4) (1,2,4,5) (0,1,3,5,6,7) (0,2,3,4,5,7) (0,1,4,6,7) {64,81,36,66,74,74,33,30}
[.##..#.##.] (0,1,3,4,6,7,8,9) (1,7,8) (0,1,2,3,4,5,6,8) (2,3,4,5,7,8,9) (5,6) (0,2,3,4,5,7) (1,3,4,5,6) (1,2,8,9) (1,2,5,6,8,9) (0,2,3,4,6,7,9) {38,62,62,46,46,42,55,48,62,57}
[.###..#] (3,5) (1,2,4) (0,2,4) (0,1,3,4,5,6) (0,3) (3,4) (1,2) {15,25,27,28,29,13,3}
[.#####.###] (4,6,7,9) (0,1,2,3,5,8) (2,3) (0,1,2,3,6,9) (0,5,6,8) (2,6) (1,2,4,6,7,9) (0,2,4,5) (3,4,5,6) (0,1,2,3,4,6,8,9) (0,2,5,7) {83,44,103,72,70,74,98,32,54,46}
[#..#.#..#] (0,1,2,4,6,7,8) (0) (0,1,2,6) (3,7) (4,6,7) (1,2,4,5) (5,6) (0,2,3,4,8) (0,1,5,7,8) (0,1,2,3,4,5,7,8) {66,56,44,35,49,59,41,66,55}
[#...] (1,2,3) (0,3) (0,1) (1,2) {25,30,15,20}
[.#..#] (2) (0) (3,4) (2,3) (0,1,3) (1,4) (1,2,3) {37,33,170,40,14}
[.#..#.#.#] (0,1,2,3,5,6,7) (0,3,4) (1,6) (0,1,2,3,5,7) (1,6,7,8) (0,4,5,7,8) (0,2,3,4,5,6,7,8) (0,2,3,4,5,6,7) {80,40,49,69,66,60,63,77,45}
[.#..] (0,1) (2,3) (0,2) (0,3) (1,2) (3) {20,12,43,36}
[##.#....] (2,3) (2,4) (0,1,5,6,7) (0,4,6) (3,5,6,7) (0,1,2,4,5,6,7) {39,26,29,33,25,42,55,42}
[##...] (0,1,3) (2,4) (0,1,2,4) (0,1,4) {29,29,122,6,136}
[...#.##...] (2,3,4,5,6,7,8) (0,1,2,4,5,6,7,8,9) (1,2,3,4,6,9) (0,1,2,3,4,8,9) (0,1,2,3,4,5,6,7) (0,1,3,6,7,8) (4,5,8) (1,3,4,6,7,9) {56,63,47,51,52,27,52,50,62,44}
[.#..#.###] (2,3,4,7,8) (2,5,8) (0,1,2,4,6,7) (5,6) (0,4,5,7) (0,3,8) (1,8) (0,2,4,5,6,8) (0,2,3,5,6,7) (0,1,3,4,6,8) {65,33,72,40,71,66,52,63,68}
[##....#] (3,4,5) (0,1,3,5) (0,1,2,3,5) (0,4,6) (0,2,3,4,5) (0,1,4,6) {59,40,31,62,42,62,14}
[##.##.#.##] (2,7) (0,3,4,5,6,9) (0,5) (0,1,2,3,4,6,7,8,9) (0,2,3,4,5,6,8,9) (2,4,6) (1,2,3,5,8,9) (4,8) (0,6,7,9) {41,20,55,46,53,50,56,11,40,55}
[.##.#] (2,4) (3,4) (0,1,2,3) (1,2,4) (0,1) {17,30,28,24,42}
[#..##.#.#] (2,3,6,7) (0,2,8) (0,1,2,5,6,7) (0,1,2,4,5) (1,3) (3,4,6) (0,1,3,4,5) (1,2,4,5,6,7,8) {38,59,45,29,43,42,19,18,32}
[..##...] (1,2) (0,5,6) (0,4,6) (3,4,6) (0,1,3,5,6) {138,27,17,28,129,27,156}
[###.##] (0,1,2,4,5) (2,5) (0,1,4,5) (3) {15,15,10,17,15,15}
[#...##.##] (1,5,7) (1,2,3,4,5,6,7) (0,1,3,5,6,8) (2,8) (0,1,4,8) (1,2,3,5) (0,1,2,3,5,6,8) (0,1,3) (5,6) {33,49,16,21,24,38,26,12,28}
[#####.....] (0,5) (0,1,2,4,5,8) (0,1,6,7,8,9) (0,7,8) (3,4,5,6,9) (1,3,6,8) (1,3,4,5,7,8,9) (1,2,3,4,5,7) {46,92,35,67,63,63,45,71,85,46}
[.#....##] (1,2,3,6,7) (0,2,3,4,5,6,7) (1,3,6) (1,2,3,4) (1,6,7) (5) {0,57,25,42,9,5,48,31}
[......#..#] (0,5,6,8,9) (0,2,4,6,8,9) (0,1,2,4,5,6,7,8,9) (0,5,8) (0,1,2,6,7,8,9) (2,4) (1,2,3,4,6,7,8) (1,6,7,8,9) (0,6,7) (0,1,2,3,4,5,8,9) (0,1,2,4,5,7,9) {229,56,72,29,70,199,57,52,214,64}
[.#.#] (2,3) (1,2) (0,2,3) (0,1,3) {24,22,47,41}
[###.] (0,3) (2,3) (1,2,3) (3) {8,19,19,46}
[.....#] (1,2,3,4) (3,4) (0,2,5) (0,4) (0,1,2) (0,5) {189,37,192,36,46,162}
[...###] (0,5) (0,2,3,5) (0,1,2) (0,2,3) (1,4) {159,108,141,34,1,37}
[###.#.##] (0,1,2,4,6,7) (0,1,2,3,5,7) (0,4,7) (1,7) (0,1,2,4) (2,3,6) (1,2,4,6,7) (3,4) (2,5) {32,194,179,6,191,4,161,190}
[.##.] (2) (1,2,3) (0,3) (1,3) (0,2) {5,25,20,25}
[##.###..#] (0,4,5,6,8) (1,3,8) (2,6,7) (0,2,3,6,7,8) (0,1) (0,1,3,7) (1,2,4,6,7,8) (1,4) (0,2,3,5,6,7,8) {179,68,25,14,197,159,183,27,190}
[###..] (0,1) (0,2,3,4) (1,4) (3) (0,2) (0,1,2) (2,4) {192,171,192,23,41}
[.#.###.] (0,1,2,6) (0,4,6) (0,1,3,4,5,6) (0,4,5) (1,3,6) (3,6) (6) (1,2,4,6) (0,3) {143,18,16,25,142,117,42}
[#.##] (0,3) (1,2,3) (1,3) (0,2,3) {32,136,140,168}
[.......#.] (3,4,7,8) (2,3,7) (0,1,2,3,4,5,6,8) (1,3,8) (4,5,6) (2,6) (5,7,8) (1,3,4,5,6,7) {20,35,24,39,47,65,47,33,48}
[##.#] (0,1,3) (0,2) {11,6,5,6}
[#...######] (1,4,9) (0,2,3,5,6,7,9) (2,3,9) (3,6) (0,1,3,4,5,7,8,9) (0,2,3,4,5,6,7,8) (1,6,9) (1,3,4,8) {16,32,22,54,40,16,30,16,20,40}
[.#.#.#] (0,3,4) (1,3,5) (0,1,2,3) (0,1,2,5) {30,17,13,33,17,5}
[##....] (0,1,2,3,4) (0,5) (2,4) (0,1,2,4) (0,3,5) (0,4) {63,12,30,29,44,37}
[######] (2,3,5) (2,4) (0,1,2,5) (0,1,4) (1,2) {177,192,207,12,33,174}
[...#.#..] (3,5) (3,4,5,7) (1,2,3,5,6,7) (2,6) (0,1,5,7) (2) (0,2,3,4,5,6) (0,1,2,3,4,5) (0,1,3,5,6,7) {33,43,53,60,24,72,45,58}
[###....] (1,2,5,6) (0,1,2,4,6) (0,3,5) (0,1,6) (0,1,2,3,4) {39,43,35,26,15,36,33}
[..###..] (0,1) (5) (1,3) (0,3,4) (1,2) (0,2,3,4,6) (0,3,4,6) (0,4,5) {52,20,31,58,52,10,31}
[##.#] (0,2,3) (0) (0,3) (1) (1,2,3) (2) {26,28,20,29}
[.##.] (1,2) (2) (1,3) (0,2) (0) (0,2,3) {31,25,28,23}
[##.##] (0,1,4) (2,3) (0,1,3,4) (0,2) {18,13,23,27,13}
[....#.] (1,2,3,4,5) (2,3) (1,2,3,5) (0,4) {5,14,34,34,13,14}
[##.#...##.] (1,3,4,6,7,9) (0,1,2,6,7,9) (8,9) (1,3,4,5,6,8) (3,8,9) (0,1,3,4,5,7,8,9) (7,8) (2,3,7,8,9) (0,6) (0,1,2,3,4,5) (0,1,2,3,6,7,8) (2,6) (3,5) {58,248,75,268,220,229,251,62,263,59}
[####.###] (0,1,2,4,5,6) (2,4,5) (2,4,5,6) (4) (0,1,3,6,7) (0,2) (1,2,3,4,6) (3) (0,1,3,4,7) (2,3) {34,35,37,42,48,21,38,22}
[.....####.] (2,4,8) (0,1,2,3,4,7,8,9) (0,2,3,8,9) (0,1,2,4,6,7,8) (2,4,6,9) (0,3,5,6,8,9) (0,1,3,6,8) (0,1,2,6,7,8) (0,2,3,4,5,6,7,8) {95,57,91,68,66,24,71,53,109,62}
[#.##.##] (2,4,5) (0) (3,5) (1,2,4,5,6) (1,3,5,6) (0,3,6) (0,1,2,5,6) (0,1,2,3,4,6) {33,37,40,39,34,47,47}
[###..] (0,2,3,4) (0,1,2) (0,1,3,4) {32,28,15,21,21}
[####.#####] (0,3,4,5,6,7,8,9) (0) (0,5) (0,2,3) (4,5,8,9) (0,1,3,4,5,6,9) (0,1,2,3,6,8) (0,1,2,5,6,8) (1,3,4,5,7,8) (3,4,5,7,9) (1,3,6,7) {177,189,154,79,65,215,171,56,184,45}
[.....##] (0,1,3,4,5) (0,3,6) (0,6) (0,3,4,5,6) (0,4,5) (2,6) (4) (0,1,2,3,5,6) (1,3,6) {67,22,23,43,49,50,63}
[##.#..#.] (0,1,3,4,6) (0,1,2,5,6,7) (3,4,5,6) (0,1,2,3,6) (0,1,2,3,4,5) (3,4,6,7) (2,3,5,7) (0,1,2,4,5) (4,6) (0,1,5,7) {43,43,57,56,49,52,44,33}
[.##.#.#...] (1,2,4,6) (0,1,2,4,5,8,9) (0,2,3,4,6,7) (5,6,9) (8,9) (0,1,2,4,7) (0,1,2,3,4,7,8,9) (0,1,2,3,4,5,6,7) (2,3,4,5,6,7,8) (4,5,7,9) (0,1,2,3,4,8,9) (0,2,3,4,5,8,9) (0,1,3,4) {244,248,266,69,299,241,47,67,248,256}
[..####..] (3,4,7) (0,4,5,6,7) (0,2,3,4) (1,5) (1,2) (0,4,7) (2,3) {11,29,39,40,28,19,6,23}
[#.#.] (0,1,3) (0,2) (0,1,2) {32,23,18,14}
[.#..#] (1,3) (1,2,3) (0,1,2) (0,4) (0,3) (3) (1,2,3,4) {163,37,27,51,143}
[..###.....] (0,2,3,4,5,7,9) (0,2,4,5,7,8) (2,3,4,8,9) (4,7) (2,3,5,6,7,8,9) (0,2,3,4,5,8) (0,1) (1,4,5,7,8) (0,8) {61,17,159,150,71,146,107,154,154,142}
[#..####.##] (0,1,3,4,5,6,7,8,9) (0,1,2,3,4,7,8,9) (0,1,2,3,7) (1,7) (0,1,2,3,4,6) (1,2,3,4,5,6,7,8,9) (0,1,2,3,5,7,8) (4,5,8) (0,2,5,7) (0,1,2,3,5,7,8,9) {104,102,107,101,58,92,34,116,87,62}
[.#.###.] (3,6) (1,2,3,5) (0,2,4,5,6) (0,4) (0,2) (1,3,4,6) (1,2) (1,2,3,4,6) {34,29,45,171,30,15,160}
[##.##] (2,3) (0,1,3) (0,1,3,4) (0,1,2,4) (0,1,2) (0,3,4) {70,56,213,217,45}
[#.#.] (0,2) (1,2) (2,3) (0,3) (2) {31,11,57,19}
[#.##..#.] (0,1,2,3,4,5) (0,2,3,6) (1,2,7) (1,2,4,5,6) (2,4) (1,2,3,5,6,7) {4,30,44,13,17,15,17,24}
[#.#.#..] (1,3) (0,1,2,5,6) (1,2,4,5) (0,1,2,3,5,6) (0,1,2,3,4) (0,2,4,5) (2,4) {46,42,67,35,50,31,17}
[##.###] (0,3) (1) (0,1,3,4) (0,1,2,4,5) (0,1,2,3) (0,2,3,4,5) (0,2,4) {176,144,153,155,40,18}
[...#..] (0,2) (1,2,4,5) (3) (0,1,2,3) (1) (0,1,3,5) (0,5) {182,188,16,170,4,174}
[.###.#..##] (4,7) (1,2,5,9) (0,1,2,5,8,9) (2,3,4,6,7) (3,8,9) (0,1,3,4,5,6,8,9) (2,4,5,8) (0,1,3,4,5,6,9) (0,1,3,7,8) (0,3,4,7,8) (0,2,4,6,9) (1,5,6) (0,2,3,6) {152,40,48,148,149,35,33,143,148,24}
[...#.] (0,1,4) (0,1) (1,2,3,4) (0,2) (3,4) (0,1,3) {39,42,37,21,38}
[##.#..] (0,1) (0,3,4,5) (2,3,4,5) (0,1,3,4,5) (0,1,2,4) (2,5) (0,1,3) (1,2,4,5) {50,56,23,34,32,40}
[####] (0,1,2,3) (0,1,2) {13,13,13,12}
[..#.##] (3,5) (0,2,4,5) (2,3,4) (0,1,2,4) (0,1,2,5) {151,138,164,15,27,152}
[..###.##] (1,2,3,4,5) (1,2,3,4,5,7) (0,1,2,3,5) (1,5,6,7) (0,6) (0,1,2,3,4,5,7) (3) {38,74,57,73,44,74,28,44}
[#.##] (2) (0,3) (0,1,3) {30,14,6,30}
[.###.#...#] (8) (3,4,5,6,8,9) (0,1,2,3,6,7,9) (0,1,4,6,7,8,9) (2,5) (2,3,4,9) (0,2,4,7,9) (0,1,4,6,8) (1,2,3,5,8,9) (0,6,7,8) {131,135,166,148,35,27,122,126,42,159}
[..#..###.] (1,2,3,6) (0,5,6,8) (1,2,3,6,8) (0,1,2,5,6,7,8) (3,4,5,7) (0,2,3,4,5,6,8) (6,8) (1,4,6,7,8) (0,1,3,4,5,6) (0,1,3,4,5,6,8) {65,58,56,80,53,78,103,23,91}
[##...##..] (0,1,3,4,5,7) (4,5) (1,2,3,4,5,6,8) (0,2,4,5) (4,7,8) (0,1,2,3,4,5,7,8) (1,2,3,4,7,8) (1,4,6,7,8) (1,2,5,6) (2,3,6) (3,6,7) {27,64,64,32,87,71,55,41,54}
[..####] (2,5) (0,1,3,4,5) (0,1,2,4) (0,3,4) (0,2) (0,1,2,3,4) (0,2,5) (0,1,3,4) {62,45,40,39,47,33}
[##......] (1,3,5,7) (2) (1,2,3,4,5,7) (5,7) (1,5,6) (0,6) (1,2,3,4,5,6) (0,2) (1,3,5,6,7) (0,2,5,7) {25,47,49,44,38,70,42,49}
[.#.##..] (0,1,3,5,6) (1) (3,5) (1,2,4) (2,5) (0,1,2,5,6) {14,33,39,8,14,33,14}
[#..#.###] (0,1,2,3,4,7) (1,2,6) (0,3,4,5) (1,4,5,7) (2,7) (0,1,2,3,5,7) (5,6) {13,17,25,13,12,15,18,18}
[#####.#] (0,1,5) (1,3,4,6) (1,3,5,6) (1,2,5) (0,1,4,6) (0,2,3) {21,59,29,39,29,30,39}
[#.##.] (3,4) (1,2) (0,1) (0,2,3) (0,2) (2,4) {31,23,38,20,10}
